1 43466U 98067NP  19144.12899178  .00012206  00000-0  12550-3 0  9994
2 43466  51.6372 104.0959 0002088  53.8945 306.2243 15.65333832 58911

1 43466U 98067NP  19144.25667437  .00013361  00000-0  13681-3 0  9998
2 43466  51.6373 103.4487 0002081  54.4079 305.7110 15.65338341 58938

1 43466U 98067NP  19145.08660410  .00013602  00000-0  13905-3 0  9991
2 43466  51.6374  99.2413 0002101  57.4389 302.6809 15.65361531 59063

1 43466U 98067NP  19145.34196465  .00014533  00000-0  14813-3 0  9997
2 43466  51.6373  97.9467 0002092  58.1700 301.9499 15.65369670 59104

1 43466U 98067NP  19145.85268268  .00011705  00000-0  12036-3 0  9997
2 43466  51.6372  95.3575 0002087  60.1336 299.9867 15.65379929 59188

1 43466U 98067NP  19146.10803995  .00011729  00000-0  12056-3 0  9996
2 43466  51.6373  94.0628 0002076  61.0096 299.1107 15.65386807 59222

1 43466U 98067NP  19146.29955739  .00012700  00000-0  13005-3 0  9995
2 43466  51.6372  93.0918 0002061  61.4489 298.6714 15.65392657 59257

1 43466U 98067NP  19146.87410680 +.00010379 +00000-0 +10726-3 0  9997
2 43466 051.6373 090.1788 0002061 063.5096 296.6110 15.65403225059340

1 43466U 98067NP  19147.06562214  .00010433  00000-0  10777-3 0  9997
2 43466  51.6373  89.2078 0002059  63.9626 296.1581 15.65407551 59377

1 43466U 98067NP  19148.08702609  .00015247  00000-0  15470-3 0  9997
2 43466  51.6373  84.0291 0002049  67.4964 292.6248 15.65439709 59539

1 43466U 98067NP  19148.27853652  .00016924  00000-0  17102-3 0  9990
2 43466  51.6373  83.0581 0002032  68.3377 291.7835 15.65448344 59560

1 43466U 98067NP  19149.04457000  .00016671  00000-0  16837-3 0  9996
2 43466  51.6375  79.1739 0002012  71.8682 288.2533 15.65475768 59688

1 43466U 98067NP  19149.23607628  .00017794  00000-0  17926-3 0  9997
2 43466  51.6375  78.2028 0002002  72.7025 287.4189 15.65483813 59711

1 43466U 98067NP  19150.06592577  .00019242  00000-0  19312-3 0  9997
2 43466  51.6378  73.9949 0002002  76.3960 283.7258 15.65517199 59841

1 43466U 98067NP  19150.25742675  .00021616  00000-0  21612-3 0  9998
2 43466  51.6377  73.0237 0001990  76.8971 283.2246 15.65528031 59875

1 43466U 98067NP  19151.15108619  .00015756  00000-0  15893-3 0  9994
2 43466  51.6380  68.4920 0001949  79.9339 280.1877 15.65557701 60012

1 43466U 98067NP  19151.21491811  .00016871  00000-0  16974-3 0  9990
2 43466  51.6380  68.1683 0001943  80.0761 280.0454 15.65561739 60028